Effective nuclear repulsion energy (a.u.) 11.797
Total DFT energy = -56.57060
isotropic = 264.285
anisotropy = 18.744
isotropic = 31.576
anisotropy = 14.317
isotropic = 31.576
anisotropy = 14.317
isotropic = 31.576
anisotropy = 14.317
Total DFT energy = -56.57060
Total DFT energy = -56.16361
